  -59
   22
  -41
  -17
  -61
   48
  123
  126
   13
  -83
  -39
   18
  117
   40
  -41
   82
  -46
 -120
  114
  -21
  -40
 -107
   64
  -76
  -73
  -64
 -111
    2
  -34
   -3
   30
 -115
   -2
  107
  -92
   59
  -75
   -6
    0
  -41
  -27
  104
  -43
   70
   87
   63
  107
   95
 -122
  103
 -101
  -15
   69
   33
   65
  -50
   81
  107
   -2
   99
  125
   -5
  -47
  -99
  105
   36
 -103
  -28
   34
  -33
  -49
   89
  -61
   93
   83
   14
   93
   50
  -81
  125
 -111
  -65
  110
   74
   63
  116
   -1
   41
   49
  -57
   21
  -87
  118
 -128
  -59
 -114
  -16
   80
  121
    1
  -97
   -4
  -87
  113
   28
 -102
   76
  110
   23
  -11
   17
   27
  -95
  -18
  112
  111
  117
   38
   -1
   60
   67
  -20
  -91
  -23
   96
 -114
   38
   84
   94
   -1
   23
   80
   90
   11
  -62
   68
  127
   -5
   47
   60
  -99
  -55
  -14
  -43
 -105
 -114
   96
  -17
 -119
  -86
